# Original coords of AAVS1 and EDA in meters East and North were
# provided by Randall Wayth on 21/02/2018.
# (note AAVS1 has centre antenna moved compared to this file)
# Then scaled to 38 m effective station diameter. See parameter D1,
# table 1 in SKA-TEL-SKO-0000422_03_SKA1_LowConfigurationCoordinates.pdf
-16.047 -8.313
11.032 2.107
-2.308 6.007
13.108 12.964
5.382 -1.990
-2.636 -3.443
5.815 1.169
0.983 6.613
4.420 -14.393
-15.513 7.015
2.611 -6.376
0.330 -12.421
0.940 -2.809
0.551 -17.084
8.479 5.306
-13.139 8.805
-1.171 7.020
5.607 -10.723
-15.365 -6.375
13.682 0.132
0.639 10.321
-0.556 8.905
1.547 12.843
-2.514 -15.218
-14.521 12.303
-10.068 0.990
-2.225 11.584
-4.494 -15.176
-6.339 0.356
3.146 -15.653
14.950 3.548
4.766 -0.143
3.957 5.064
-5.768 8.806
-9.951 -1.981
-1.553 -10.858
4.719 3.609
9.304 15.017
12.019 -3.946
-14.167 5.011
-1.047 -7.062
-7.480 -5.618
6.172 -16.959
-7.013 -16.504
17.069 5.215
16.313 -2.006
-3.031 -16.978
15.436 -7.891
-7.399 -12.844
-17.728 -6.419
-5.848 11.631
-17.214 5.614
7.181 -2.962
3.173 14.036
15.862 8.913
7.394 -13.861
-17.479 -3.402
-2.868 9.028
-5.248 -12.435
17.836 -3.972
-9.046 6.826
9.935 -0.493
-16.849 1.422
-16.158 10.254
-13.653 -9.491
-0.914 10.369
7.347 8.059
0.091 -4.635
6.982 5.369
0.482 1.847
-10.023 11.160
-8.877 8.813
-3.981 15.502
10.851 11.574
-6.520 -9.794
5.744 -5.825
-3.154 -6.280
-5.971 -13.946
-5.155 17.401
1.372 -19.059
3.000 -9.615
-14.794 0.674
14.742 -10.269
-9.530 -11.742
-13.581 10.598
2.365 -0.716
3.348 11.056
6.646 -8.949
14.919 5.262
-8.472 -15.706
10.541 -10.190
12.333 9.754
19.028 -1.220
13.636 -4.438
-10.907 -3.953
18.248 1.024
3.938 -12.961
15.385 -5.548
8.078 -16.046
-11.775 6.554
-12.199 12.296
1.170 3.218
-5.136 -5.220
-13.388 -13.582
-0.343 17.492
-9.061 12.727
2.710 16.659
8.512 -10.724
18.051 3.304
-9.656 -8.307
3.081 6.931
13.627 -7.827
-9.321 3.288
-11.713 -10.123
-6.262 -3.591
-6.950 7.360
-8.075 -0.870
-3.772 -13.786
-4.866 10.182
-0.825 14.924
13.215 2.467
4.452 15.538
3.199 -4.470
-8.914 -4.435
2.065 -12.207
-7.135 10.123
6.511 13.194
-3.076 3.947
-11.958 1.149
10.532 -15.880
-4.766 2.874
15.973 -3.882
-11.448 3.187
-7.390 15.018
12.506 1.075
8.875 1.151
-1.112 -1.632
-4.332 5.988
15.066 0.902
3.075 -18.773
13.371 -12.020
-11.548 -7.553
-14.170 -4.769
-6.966 -2.023
10.765 -8.462
0.132 -8.446
9.132 -9.066
11.912 -7.069
-7.297 2.746
-10.044 4.851
1.784 18.388
-0.157 11.852
8.898 -5.001
5.519 9.024
2.625 -2.638
-4.867 -9.864
12.488 14.335
-0.326 -0.275
-18.396 -0.332
9.581 10.068
12.214 7.262
13.755 -1.996
-3.047 1.098
9.178 -13.577
6.217 15.922
-12.716 -11.661
9.405 13.321
3.585 9.337
2.748 1.784
-17.453 7.582
-13.303 13.411
7.375 1.390
17.597 -6.862
-4.494 -17.788
5.036 -18.313
0.061 -14.665
-12.916 -5.970
1.072 -5.974
10.134 -2.963
-0.389 3.541
4.902 -8.940
-10.761 9.649
-17.054 2.977
2.832 -8.040
4.593 6.478
-8.555 16.306
-2.407 16.627
6.130 6.944
-1.574 -18.501
15.007 11.784
10.745 7.767
-2.336 14.307
-15.416 -3.696
-14.063 3.019
12.266 4.969
12.065 -10.507
-3.111 18.886
2.899 -17.284
5.356 -7.387
-5.965 13.261
-12.943 4.151
4.717 18.535
7.949 -6.215
13.904 8.974
-16.204 4.322
1.874 4.632
-11.122 -12.677
-4.267 -8.333
-18.813 3.388
5.193 11.902
7.530 -1.133
-13.438 -0.807
-3.468 -1.481
-10.587 14.083
11.130 3.831
1.543 -15.111
1.417 14.773
-2.308 -8.374
-9.092 -6.090
-1.674 -5.210
-17.262 -1.920
12.131 -2.309
-12.145 -2.360
-7.636 5.863
-11.047 -14.841
-16.564 -0.454
-15.285 -1.539
-15.420 -9.721
-3.490 13.132
-18.448 1.422
-13.995 -7.826
7.565 17.427
-10.236 7.935
8.391 -12.281
6.705 10.842
0.001 13.620
-5.185 -0.884
2.025 9.762
11.562 -0.838
-11.775 10.805
5.376 -12.410
-8.123 -10.581
15.283 -0.696
-10.109 -10.074
-3.344 -11.992
15.965 6.727
8.985 7.155
-8.211 11.279
-2.698 -9.871
-9.797 -13.994
9.890 5.794
11.357 13.253
10.247 -11.769
-16.464 -5.016
-15.114 -11.562
10.973 -13.544
