## SKA Mid -- in meters. From 2013
-0008.70,00024.60,00.00 # -8.7  24.6  0.0  15.0  A000
00001.10,00056.50,00.00 # 1.1  56.5  0.0  15.0  A001
-0033.60,00009.20,00.00 # -33.6  9.2  0.0  15.0  A002
-0069.50,00029.00,00.00 # -69.5  29.0  0.0  15.0  A003
-0129.10,-0016.70,00.00 # -129.1  -16.7  0.0  15.0  A004
-0106.60,-0043.90,00.00 # -106.6  -43.9  0.0  15.0  A005
-0019.10,-0055.00,00.00 # -19.1  -55.0  0.0  15.0  A006
-0093.60,-0151.80,00.00 # -93.6  -151.8  0.0  15.0  A007
-0097.70,-0271.10,00.00 # -97.7  -271.1  0.0  15.0  A008
00033.70,-0123.20,00.00 # 33.7  -123.2  0.0  15.0  A009
00091.90,-0250.20,00.00 # 91.9  -250.2  0.0  15.0  A010
00087.60,-0106.10,00.00 # 87.6  -106.1  0.0  15.0  A011
00146.10,-0120.70,00.00 # 146.1  -120.7  0.0  15.0  A012
00247.10,-0143.40,00.00 # 247.1  -143.4  0.0  15.0  A013
00292.90,-0046.30,00.00 # 292.9  -46.3  0.0  15.0  A014
00219.80,00013.80,00.00 # 219.8  13.8  0.0  15.0  A015
00300.70,00043.80,00.00 # 300.7  43.8  0.0  15.0  A016
00208.30,00110.20,00.00 # 208.3  110.2  0.0  15.0  A017
00110.30,-0010.30,00.00 # 110.3  -10.3  0.0  15.0  A018
00178.20,-0045.80,00.00 # 178.2  -45.8  0.0  15.0  A019
00101.20,-0058.80,00.00 # 101.2  -58.8  0.0  15.0  A020
-0309.00,-0083.70,00.00 # -309.0  -83.7  0.0  15.0  A021
-0336.50,00083.20,00.00 # -336.5  83.2  0.0  15.0  A022
-0389.40,00211.90,00.00 # -389.4  211.9  0.0  15.0  A023
-0366.50,00346.80,00.00 # -366.5  346.8  0.0  15.0  A024
-0190.00,00414.90,00.00 # -190.0  414.9  0.0  15.0  A025
-0103.40,00226.80,00.00 # -103.4  226.8  0.0  15.0  A026
00042.20,00190.60,00.00 # 42.2  190.6  0.0  15.0  A027
-0053.50,00132.80,00.00 # -53.5  132.8  0.0  15.0  A028
-0092.70,00099.50,00.00 # -92.7  99.5  0.0  15.0  A029
00178.70,00314.20,00.00 # 178.7  314.2  0.0  15.0  A030
00257.30,00296.00,00.00 # 257.3  296.0  0.0  15.0  A031
00481.40,00369.70,00.00 # 481.4  369.7  0.0  15.0  A032
00606.00,00990.60,00.00 # 606.0  990.6  0.0  15.0  A033
00373.40,00185.90,00.00 # 373.4  185.9  0.0  15.0  A034
00403.00,00048.30,00.00 # 403.0  48.3  0.0  15.0  A035
00405.20,-0050.80,00.00 # 405.2  -50.8  0.0  15.0  A036
00396.90,-0202.80,00.00 # 396.9  -202.8  0.0  15.0  A037
00222.60,-0301.80,00.00 # 222.6  -301.8  0.0  15.0  A038
00264.80,-0322.60,00.00 # 264.8  -322.6  0.0  15.0  A039
-0028.10,-0430.90,00.00 # -28.1  -430.9  0.0  15.0  A040
-0300.20,-0385.30,00.00 # -300.2  -385.3  0.0  15.0  A041
-0377.60,-0203.70,00.00 # -377.6  -203.7  0.0  15.0  A042
-0657.50,00095.70,00.00 # -657.5  95.7  0.0  15.0  A043
-0935.40,00753.00,00.00 # -935.4  753.0  0.0  15.0  A044
-1913.10,00452.10,00.00 # -1913.1  452.1  0.0  15.0  A045
-1531.40,01791.50,00.00 # -1531.4  1791.5  0.0  15.0  A046
-0603.70,-0255.10,00.00 # -603.7  -255.1  0.0  15.0  A047
-2927.80,02634.90,00.00 # -2927.8  2634.9  0.0  15.0  A048
-3763.70,00605.60,00.00 # -3763.7  605.6  0.0  15.0  A049
-2142.40,-0549.30,00.00 # -2142.4  -549.3  0.0  15.0  A050
-0887.60,-0482.40,00.00 # -887.6  -482.4  0.0  15.0  A051
-0619.30,-0824.50,00.00 # -619.3  -824.5  0.0  15.0  A052
00009.70,-0965.00,00.00 # 9.7  -965.0  0.0  15.0  A053
00910.10,-0239.30,00.00 # 910.1  -239.3  0.0  15.0  A054
01254.30,00298.60,00.00 # 1254.3  298.6  0.0  15.0  A055
01668.20,00632.40,00.00 # 1668.2  632.4  0.0  15.0  A056
00307.40,03151.40,00.00 # 307.4  3151.4  0.0  15.0  A057
02927.80,02634.90,00.00 # 2927.8  2634.9  0.0  15.0  A058
03847.40,00896.50,00.00 # 3847.4  896.5  0.0  15.0  A059
03569.90,-1447.90,00.00 # 3569.9  -1447.9  0.0  15.0  A060
-0017.20,-1884.30,00.00 # -17.2  -1884.3  0.0  15.0  A061
-1504.10,-2046.50,00.00 # -1504.1  -2046.5  0.0  15.0  A062
-3569.90,-1447.90,00.00 # -3569.9  -1447.9  0.0  15.0  A063
01250.00,02165.10,00.00 # 1250.0  2165.1  0.0  15.0  A064
00408.70,02475.70,00.00 # 408.7  2475.7  0.0  15.0  A065
-0500.30,02514.30,00.00 # -500.3  2514.3  0.0  15.0  A066
-1420.60,02284.20,00.00 # -1420.6  2284.2  0.0  15.0  A067
-2307.70,01770.40,00.00 # -2307.7  1770.4  0.0  15.0  A068
-3103.00,00940.80,00.00 # -3103.0  940.8  0.0  15.0  A069
-3715.50,-0244.10,00.00 # -3715.5  -244.1  0.0  15.0  A070
-4004.90,-1815.50,00.00 # -4004.9  -1815.5  0.0  15.0  A071
-3767.80,-3769.40,00.00 # -3767.8  -3769.4  0.0  15.0  A072
-2729.40,-6027.50,00.00 # -2729.4  -6027.5  0.0  15.0  A073
-0547.10,-8379.60,00.00 # -547.1  -8379.6  0.0  15.0  A074
03159.60,-10405.20,00.00 # 3159.6  -10405.2  0.0  15.0  A075
08735.30,-11376.80,00.00 # 8735.3  -11376.8  0.0  15.0  A076
16342.80,-10155.00,00.00 # 16342.8  -10155.0  0.0  15.0  A077
25709.00,-5104.20,00.00 # 25709.0  -5104.2  0.0  15.0  A078
35726.40,05912.60,00.00 # 35726.4  5912.6  0.0  15.0  A079
43880.40,25358.50,00.00 # 43880.4  25358.5  0.0  15.0  A080
45509.70,55503.40,00.00 # 45509.7  55503.4  0.0  15.0  A081
32987.50,97326.60,00.00 # 32987.5  97326.6  0.0  15.0  A082
-2283.90,-1016.80,00.00 # -2283.9  -1016.8  0.0  15.0  A083
-1785.80,-1762.70,00.00 # -1785.8  -1762.7  0.0  15.0  A084
-1073.20,-2328.20,00.00 # -1073.2  -2328.2  0.0  15.0  A085
-0193.30,-2683.00,00.00 # -193.3  -2683.0  0.0  15.0  A086
00826.30,-2788.70,00.00 # 826.3  -2788.7  0.0  15.0  A087
01957.30,-2585.00,00.00 # 1957.3  -2585.0  0.0  15.0  A088
03149.40,-1986.40,00.00 # 3149.4  -1986.4  0.0  15.0  A089
04307.10,-0885.30,00.00 # 4307.1  -885.3  0.0  15.0  A090
05263.90,00834.80,00.00 # 5263.9  834.8  0.0  15.0  A091
05751.00,03272.10,00.00 # 5751.0  3272.1  0.0  15.0  A092
05368.00,06457.70,00.00 # 5368.0  6457.7  0.0  15.0  A093
03559.90,10275.10,00.00 # 3559.9  10275.1  0.0  15.0  A094
-0379.90,14338.60,00.00 # -379.9  14338.6  0.0  15.0  A095
-7252.60,17821.70,00.00 # -7252.6  17821.7  0.0  15.0  A096
-17798.80,19240.80,00.00 # -17798.8  19240.8  0.0  15.0  A097
-32378.60,16216.10,00.00 # -32378.6  16216.1  0.0  15.0  A098
-50405.30,05276.90,00.00 # -50405.3  5276.9  0.0  15.0  A099
-69442.30,-18153.10,00.00 # -69442.3  -18153.1  0.0  15.0  A100
-83894.70,-59349.10,00.00 # -83894.7  -59349.1  0.0  15.0  A101
00261.30,-2486.30,00.00 # 261.3  -2486.3  0.0  15.0  A102
01124.60,-2243.10,00.00 # 1124.6  -2243.1  0.0  15.0  A103
01882.60,-1740.10,00.00 # 1882.6  -1740.1  0.0  15.0  A104
02491.90,-1012.90,00.00 # 2491.9  -1012.9  0.0  15.0  A105
02907.50,-0075.80,00.00 # 2907.5  -75.8  0.0  15.0  A106
03063.40,01062.70,00.00 # 3063.4  1062.7  0.0  15.0  A107
02862.40,02381.40,00.00 # 2862.4  2381.4  0.0  15.0  A108
02172.90,03822.80,00.00 # 2172.9  3822.8  0.0  15.0  A109
00832.70,05264.20,00.00 # 832.7  5264.2  0.0  15.0  A110
-1334.80,06480.70,00.00 # -1334.8  6480.7  0.0  15.0  A111
-4482.80,07100.80,00.00 # -4482.8  7100.8  0.0  15.0  A112
-8672.20,06560.80,00.00 # -8672.2  6560.8  0.0  15.0  A113
-13754.20,04069.60,00.00 # -13754.2  4069.6  0.0  15.0  A114
-19190.60,-1390.40,00.00 # -19190.6  -1390.4  0.0  15.0  A115
-23799.30,-10981.90,00.00 # -23799.3  -10981.9  0.0  15.0  A116
-25428.00,-25782.80,00.00 # -25428.0  -25782.8  0.0  15.0  A117
-20594.80,-46307.60,00.00 # -20594.8  -46307.6  0.0  15.0  A118
-4194.30,-71653.10,00.00 # -4194.3  -71653.1  0.0  15.0  A119
30519.30,-98128.60,00.00 # 30519.3  -98128.6  0.0  15.0  A120
00030.10,-0013.00,00.00 # 30.1  -13.0  0.0  15.0  A121
-0003.80,00049.60,00.00 # -3.8  49.6  0.0  15.0  A122
00058.90,-0023.70,00.00 # 58.9  -23.7  0.0  15.0  A123
-0057.60,00038.90,00.00 # -57.6  38.9  0.0  15.0  A124
-0078.90,-0058.30,00.00 # -78.9  -58.3  0.0  15.0  A125
00126.50,-0023.70,00.00 # 126.5  -23.7  0.0  15.0  A126
-0114.00,-0066.90,00.00 # -114.0  -66.9  0.0  15.0  A127
00119.00,-0066.90,00.00 # 119.0  -66.9  0.0  15.0  A128
00058.90,-0140.30,00.00 # 58.9  -140.3  0.0  15.0  A129
00119.00,00105.80,00.00 # 119.0  105.8  0.0  15.0  A130
00114.00,-0118.70,00.00 # 114.0  -118.7  0.0  15.0  A131
00170.30,-0043.20,00.00 # 170.3  -43.2  0.0  15.0  A132
00162.80,-0069.10,00.00 # 162.8  -69.1  0.0  15.0  A133
-0098.90,00157.60,00.00 # -98.9  157.6  0.0  15.0  A134
-0182.90,-0038.90,00.00 # -182.9  -38.9  0.0  15.0  A135
-0187.90,00038.90,00.00 # -187.9  38.9  0.0  15.0  A136
-0042.60,00194.30,00.00 # -42.6  194.3  0.0  15.0  A137
00186.60,00075.60,00.00 # 186.6  75.6  0.0  15.0  A138
00087.70,00190.00,00.00 # 87.7  190.0  0.0  15.0  A139
-0077.70,-0198.60,00.00 # -77.7  -198.6  0.0  15.0  A140
00211.70,-0032.40,00.00 # 211.7  -32.4  0.0  15.0  A141
00192.90,-0099.30,00.00 # 192.9  -99.3  0.0  15.0  A142
-0065.10,00207.20,00.00 # -65.1  207.2  0.0  15.0  A143
00120.20,-0185.60,00.00 # 120.2  -185.6  0.0  15.0  A144
00157.80,-0164.10,00.00 # 157.8  -164.1  0.0  15.0  A145
00220.40,-0064.80,00.00 # 220.4  -64.8  0.0  15.0  A146
00067.60,00224.50,00.00 # 67.6  224.5  0.0  15.0  A147
-0238.00,00025.90,00.00 # -238.0  25.9  0.0  15.0  A148
-0159.10,-0192.10,00.00 # -159.1  -192.1  0.0  15.0  A149
00222.90,00112.20,00.00 # 222.9  112.2  0.0  15.0  A150
00250.50,-0021.60,00.00 # 250.5  -21.6  0.0  15.0  A151
-0214.20,-0136.00,00.00 # -214.2  -136.0  0.0  15.0  A152
-0127.80,00220.20,00.00 # -127.8  220.2  0.0  15.0  A153
-0016.30,00256.90,00.00 # -16.3  256.9  0.0  15.0  A154
00137.80,-0220.20,00.00 # 137.8  -220.2  0.0  15.0  A155
-0248.00,00077.70,00.00 # -248.0  77.7  0.0  15.0  A156
-0185.40,00198.60,00.00 # -185.4  198.6  0.0  15.0  A157
-0273.00,00025.90,00.00 # -273.0  25.9  0.0  15.0  A158
-0170.30,00224.50,00.00 # -170.3  224.5  0.0  15.0  A159
-0226.70,00174.80,00.00 # -226.7  174.8  0.0  15.0  A160
-0255.50,-0129.50,00.00 # -255.5  -129.5  0.0  15.0  A161
-0008.80,00291.40,00.00 # -8.8  291.4  0.0  15.0  A162
-0053.90,-0287.10,00.00 # -53.9  -287.1  0.0  15.0  A163
00063.90,-0291.40,00.00 # 63.9  -291.4  0.0  15.0  A164
00299.30,00015.10,00.00 # 299.3  15.1  0.0  15.0  A165
00162.80,-0259.00,00.00 # 162.8  -259.0  0.0  15.0  A166
-0189.10,00248.20,00.00 # -189.1  248.2  0.0  15.0  A167
00219.20,-0222.30,00.00 # 219.2  -222.3  0.0  15.0  A168
-0266.80,00166.20,00.00 # -266.8  166.2  0.0  15.0  A169
-0092.70,00302.20,00.00 # -92.7  302.2  0.0  15.0  A170
-0002.50,-0319.50,00.00 # -2.5  -319.5  0.0  15.0  A171
-0202.90,-0250.40,00.00 # -202.9  -250.4  0.0  15.0  A172
00229.20,00235.30,00.00 # 229.2  235.3  0.0  15.0  A173
00246.70,-0218.00,00.00 # 246.7  -218.0  0.0  15.0  A174
-0216.70,00252.60,00.00 # -216.7  252.6  0.0  15.0  A175
-0165.30,-0289.30,00.00 # -165.3  -289.3  0.0  15.0  A176
00269.30,00200.80,00.00 # 269.3  200.8  0.0  15.0  A177
00225.40,-0254.70,00.00 # 225.4  -254.7  0.0  15.0  A178
00328.20,-0099.30,00.00 # 328.2  -99.3  0.0  15.0  A179
-0346.90,00006.50,00.00 # -346.9  6.5  0.0  15.0  A180
-0334.40,00097.10,00.00 # -334.4  97.1  0.0  15.0  A181
-0244.20,-0248.20,00.00 # -244.2  -248.2  0.0  15.0  A182
00329.40,-0127.40,00.00 # 329.4  -127.4  0.0  15.0  A183
-0154.10,-0321.60,00.00 # -154.1  -321.6  0.0  15.0  A184
-0194.10,-0300.00,00.00 # -194.1  -300.0  0.0  15.0  A185
00306.90,00187.80,00.00 # 306.9  187.8  0.0  15.0  A186
-0351.90,-0097.10,00.00 # -351.9  -97.1  0.0  15.0  A187
-0323.10,00181.30,00.00 # -323.1  181.3  0.0  15.0  A188
00374.50,00010.80,00.00 # 374.5  10.8  0.0  15.0  A189
00370.70,00056.10,00.00 # 370.7  56.1  0.0  15.0  A190
00259.30,-0274.10,00.00 # 259.3  -274.1  0.0  15.0  A191
-0046.30,-0382.10,00.00 # -46.3  -382.1  0.0  15.0  A192
-0314.40,-0222.30,00.00 # -314.4  -222.3  0.0  15.0  A193
00320.60,00233.10,00.00 # 320.6  233.1  0.0  15.0  A194
-0041.30,00395.00,00.00 # -41.3  395.0  0.0  15.0  A195
-0190.40,-0349.70,00.00 # -190.4  -349.7  0.0  15.0  A196
-0228.00,00332.40,00.00 # -228.0  332.4  0.0  15.0  A197
-0018.80,-0403.70,00.00 # -18.8  -403.7  0.0  15.0  A198
-0121.50,00386.40,00.00 # -121.5  386.4  0.0  15.0  A199
00248.00,-0323.80,00.00 # 248.0  -323.8  0.0  15.0  A200
00027.60,-0418.80,00.00 # 27.6  -418.8  0.0  15.0  A201
-0150.30,-0392.90,00.00 # -150.3  -392.9  0.0  15.0  A202
-0403.30,00129.50,00.00 # -403.3  129.5  0.0  15.0  A203
00351.90,00248.20,00.00 # 351.9  248.2  0.0  15.0  A204
-0433.40,-0086.30,00.00 # -433.4  -86.3  0.0  15.0  A205
00442.10,00058.30,00.00 # 442.1  58.3  0.0  15.0  A206
-0182.90,00410.10,00.00 # -182.9  410.1  0.0  15.0  A207
00154.10,-0429.60,00.00 # 154.1  -429.6  0.0  15.0  A208
00037.60,-0461.90,00.00 # 37.6  -461.9  0.0  15.0  A209
-0161.60,00446.80,00.00 # -161.6  446.8  0.0  15.0  A210
00432.10,-0200.80,00.00 # 432.1  -200.8  0.0  15.0  A211
-0459.70,00127.40,00.00 # -459.7  127.4  0.0  15.0  A212
00478.50,-0017.30,00.00 # 478.5  -17.3  0.0  15.0  A213
00329.40,-0356.20,00.00 # 329.4  -356.2  0.0  15.0  A214
-0359.50,-0326.00,00.00 # -359.5  -326.0  0.0  15.0  A215
00419.60,-0243.90,00.00 # 419.6  -243.9  0.0  15.0  A216
00137.80,00466.30,00.00 # 137.8  466.3  0.0  15.0  A217
-0254.30,00498.60,00.00 # -254.3  498.6  0.0  15.0  A218
-0484.70,00338.90,00.00 # -484.7  338.9  0.0  15.0  A219
00155.30,00608.70,00.00 # 155.3  608.7  0.0  15.0  A220
-0538.60,00535.30,00.00 # -538.6  535.3  0.0  15.0  A221
00012.50,00962.70,00.00 # 12.5  962.7  0.0  15.0  A222
00909.30,00423.10,00.00 # 909.3  423.1  0.0  15.0  A223
-0918.10,-0477.10,00.00 # -918.1  -477.1  0.0  15.0  A224
00954.40,-0423.10,00.00 # 954.4  -423.1  0.0  15.0  A225
00650.00,00826.70,00.00 # 650.0  826.7  0.0  15.0  A226
-0006.30,-1090.10,00.00 # -6.3  -1090.1  0.0  15.0  A227
00943.10,00563.40,00.00 # 943.1  563.4  0.0  15.0  A228
00110.20,-1126.80,00.00 # 110.2  -1126.8  0.0  15.0  A229
00422.10,01137.60,00.00 # 422.1  1137.6  0.0  15.0  A230
01214.90,00142.50,00.00 # 1214.9  142.5  0.0  15.0  A231
-0974.40,-0898.00,00.00 # -974.4  -898.0  0.0  15.0  A232
-0929.30,00949.80,00.00 # -929.3  949.8  0.0  15.0  A233
00469.70,01258.50,00.00 # 469.7  1258.5  0.0  15.0  A234
-0201.70,01379.40,00.00 # -201.7  1379.4  0.0  15.0  A235
00837.90,-1116.00,00.00 # 837.9  -1116.0  0.0  15.0  A236
01395.30,-0345.40,00.00 # 1395.3  -345.4  0.0  15.0  A237
-0147.80,01463.50,00.00 # -147.8  1463.5  0.0  15.0  A238
-0911.80,-1187.20,00.00 # -911.8  -1187.2  0.0  15.0  A239
00240.50,-1502.40,00.00 # 240.5  -1502.4  0.0  15.0  A240
01015.80,01189.40,00.00 # 1015.8  1189.4  0.0  15.0  A241
-0755.30,-1439.80,00.00 # -755.3  -1439.8  0.0  15.0  A242
-1111.00,01245.50,00.00 # -1111.0  1245.5  0.0  15.0  A243
00995.70,-1388.00,00.00 # 995.7  -1388.0  0.0  15.0  A244
01728.40,00392.90,00.00 # 1728.4  392.9  0.0  15.0  A245
01295.10,-1269.30,00.00 # 1295.1  -1269.3  0.0  15.0  A246
-1878.70,00103.60,00.00 # -1878.7  103.6  0.0  15.0  A247
01727.20,-0757.70,00.00 # 1727.2  -757.7  0.0  15.0  A248
-0623.70,01839.10,00.00 # -623.7  1839.1  0.0  15.0  A249
00961.90,-2029.10,00.00 # 961.9  -2029.1  0.0  15.0  A250
02164.30,00695.10,00.00 # 2164.3  695.1  0.0  15.0  A251
-1060.90,-2044.20,00.00 # -1060.9  -2044.2  0.0  15.0  A252
-1466.70,01849.90,00.00 # -1466.7  1849.9  0.0  15.0  A253
